  1  1.939e-06
  2  1.293e-06
  3  1.154e-06
  4  1.203e-06
  5  1.422e-06
  6  1.711e-06
  7  2.237e-06
  8  2.625e-06
  9  3.590e-06
 10  4.753e-06
 11  9.446e-06
 12  1.051e-05
 13  1.593e-05
 14  2.535e-05
 15  4.105e-05
 16  6.698e-05
 17  1.106e-04
 18  1.828e-04
 19  3.033e-04
 20  5.573e-04
 21  8.525e-04
 22  1.416e-03
 23  2.416e-03
 24  3.958e-03
 25  6.596e-03
 26  1.104e-02
 27  1.843e-02
 28  3.049e-02
 29  5.056e-02
 30  8.284e-02
 31  1.403e-01
 32  2.372e-01
 33  3.928e-01
 34  6.759e-01
 35  1.119e+00
 36  1.880e+00
 37  3.154e+00
 38  5.291e+00
 39  8.681e+00
 40  1.423e+01
 41  2.383e+01
 42  4.035e+01
 43  6.676e+01
 44  1.113e+02
 45  1.831e+02
 46  3.064e+02
 47  5.107e+02
 48  8.464e+02
 49  1.424e+03
 50  2.382e+03
 55  2.661e+04
