1.61893819999995e-06
8.29132199999993e-07
1.01812119999997e-06
8.47457899999954e-07
8.77309599999963e-07
9.27035200000025e-07
9.96557900000072e-07
1.04131979999993e-06
8.66375799999946e-07
1.06060509999993e-06
1.04461439999993e-06
9.11702499999999e-07
1.14267109999993e-06
1.24852610000007e-06
1.24904930000005e-06
9.81706900000084e-07
1.15104519999995e-06
1.13960169999994e-06
1.28459610000002e-06
1.19373410000012e-06
1.48764530000009e-06
1.44026110000006e-06
1.50101870000008e-06
1.49116700000009e-06
1.13312249999992e-06
1.42306670000004e-06
1.47093460000009e-06
1.40863600000002e-06
1.30123449999997e-06
1.00612850000004e-06
1.15085299999993e-06
1.09504359999990e-06
1.00011680000006e-06
1.14513549999992e-06
1.09738799999989e-06
1.02004140000002e-06
1.15883599999998e-06
1.13610879999992e-06
1.04954889999992e-06
1.16582639999998e-06
1.17618330000004e-06
1.07083199999988e-06
1.21663850000011e-06
1.19041700000009e-06
1.12682599999992e-06
1.33572899999991e-06
1.35018129999991e-06
1.33422519999992e-06
1.16020489999998e-06
1.21741950000010e-06
1.37038279999988e-06
1.39526609999996e-06
1.42068750000002e-06
1.53432890000000e-06
1.70305950000003e-06
2.11636819999999e-06
2.24789200000001e-06
2.67178990000000e-06
2.37021720000000e-06
2.12844539999999e-06
2.23865490000003e-06
2.45901419999999e-06
2.62681670000001e-06
2.69786320000000e-06
3.15322260000000e-06
2.57591779999999e-06
2.60495790000001e-06
2.73823649999999e-06
3.28513509999997e-06
3.30125569999999e-06
3.30309789999997e-06
3.82715840000000e-06
3.71637850000004e-06
4.00789219999999e-06
4.35771969999992e-06
4.63453119999995e-06
4.90937670000005e-06
4.54086560000001e-06
5.24646240000006e-06
5.22142740000001e-06
5.48708399999997e-06
5.26138830000003e-06
5.78083220000000e-06
5.83103780000009e-06
6.08769609999998e-06
6.15071420000002e-06
7.26922220000000e-06
7.23040189999995e-06
7.31663870000000e-06
7.54690700000000e-06
7.35780929999996e-06
7.58730310000003e-06
7.80732050000003e-06
7.99191620000002e-06
8.26798669999999e-06
8.73230540000000e-06
8.97569820000004e-06
8.98064449999998e-06
9.41260590000001e-06
9.33439190000008e-06