1.62649469999999e-06
8.38569199999989e-07
7.88527000000025e-07
8.04192300000031e-07
7.97579100000018e-07
8.40350499999968e-07
8.10443300000018e-07
8.19089600000014e-07
8.61751199999947e-07
8.57205399999957e-07
8.44720399999970e-07
8.63837099999947e-07
8.45419899999983e-07
8.61716099999951e-07
8.70491999999947e-07
9.17511899999999e-07
8.76029199999952e-07
8.73661099999951e-07
8.82744999999970e-07
9.56513200000045e-07
9.09920699999993e-07
9.16213700000002e-07
9.05545299999994e-07
9.29741300000006e-07
9.67571400000102e-07
9.42276600000039e-07
9.21099000000009e-07
9.37478000000024e-07
9.55756500000057e-07
9.88549600000095e-07
9.58482800000079e-07
9.54056600000078e-07
9.74231000000095e-07
1.18116660000009e-06
1.13459139999993e-06
1.11298479999991e-06
1.13397479999991e-06
1.07771369999989e-06
1.13121099999991e-06
1.09791459999989e-06
1.19099990000007e-06
1.05579049999991e-06
1.11644059999993e-06
1.10124409999988e-06
1.05958329999991e-06
1.09315919999989e-06
1.09826949999990e-06
1.07087789999987e-06
1.14619529999992e-06
1.09142819999988e-06
1.22813850000008e-06
1.43903720000005e-06
1.46848850000008e-06
1.38857289999996e-06
1.39428239999997e-06
1.42031160000005e-06
1.44371340000005e-06
1.53081880000000e-06
2.45812759999998e-06
2.62479260000001e-06
2.71792749999998e-06
2.57328720000001e-06
2.33582529999999e-06
2.36373760000000e-06
2.35932259999999e-06
2.63478810000000e-06
2.72586709999999e-06
2.69593710000001e-06
2.62932470000003e-06
2.73027190000000e-06
3.39539330000001e-06
3.81645579999995e-06
3.46315510000001e-06
4.11184380000000e-06
4.30231769999998e-06
4.32637660000006e-06
5.23656070000000e-06
4.58400760000001e-06
4.80107490000010e-06
5.36421209999995e-06
5.14764840000005e-06
5.26533890000003e-06
5.76224750000002e-06
5.65215520000004e-06
6.04128620000005e-06
6.42824629999999e-06
6.19457970000005e-06
7.07885860000003e-06
7.40810779999999e-06
6.87583249999999e-06
7.40925689999998e-06
7.72404549999998e-06
7.71674149999997e-06
8.16572570000002e-06
8.34182949999998e-06
8.22447169999995e-06
9.20338670000006e-06
8.79001490000006e-06
8.74923910000001e-06
9.52695360000000e-06