1.51506479999996e-06
8.00819900000023e-07
7.68970100000001e-07
7.94478900000016e-07
7.98197200000004e-07
7.78796200000018e-07
8.25026899999990e-07
7.74268000000008e-07
8.11803300000019e-07
8.17582800000015e-07
7.79974200000000e-07
8.28818600000008e-07
7.85269900000011e-07
8.08290000000014e-07
8.10989000000026e-07
8.63291499999949e-07
8.49473999999984e-07
8.14267000000024e-07
8.24296900000018e-07
8.70251199999948e-07
8.10374800000026e-07
8.27156500000018e-07
8.38367899999993e-07
8.54369699999963e-07
9.07652700000003e-07
8.48433299999974e-07
8.34710199999994e-07
8.65329999999959e-07
8.35015099999995e-07
9.51544299999999e-07
1.08596039999993e-06
9.50997199999936e-07
9.34912999999972e-07
1.12767199999995e-06
1.31326419999997e-06
1.21861149999995e-06
1.09472999999995e-06
1.07625349999992e-06
1.04692719999993e-06
1.00973710000003e-06
1.05134159999994e-06
9.11365600000010e-07
1.03259289999997e-06
9.31818300000020e-07
9.20226600000004e-07
1.02695439999997e-06
9.36195900000028e-07
9.28300300000018e-07
1.09593319999991e-06
9.57548000000058e-07
1.10737239999991e-06
1.34946179999992e-06
1.34771139999998e-06
1.17342500000001e-06
1.16754650000000e-06
1.23450130000006e-06
1.32033109999995e-06
1.34239679999997e-06
2.22474810000000e-06
2.41439059999999e-06
2.44006220000000e-06
2.27081590000001e-06
1.97457410000001e-06
1.93531480000001e-06
1.93383310000002e-06
2.17754940000003e-06
2.29618919999999e-06
2.26087100000001e-06
2.14777459999996e-06
2.24275590000003e-06
2.69048790000000e-06
2.74428469999997e-06
2.55535460000002e-06
3.01981899999996e-06
3.14258110000003e-06
3.22686299999997e-06
3.72516959999995e-06
3.43965930000001e-06
3.57262950000002e-06
3.90270450000003e-06
3.68035949999998e-06
3.93161060000005e-06
4.21021349999999e-06
4.04906620000000e-06
4.37316780000007e-06
4.61009929999998e-06
4.45435080000004e-06
5.19317359999998e-06
5.37700980000000e-06
5.02966020000001e-06
5.40988690000003e-06
5.47617050000000e-06
5.63830699999998e-06
5.93220180000001e-06
6.10693439999997e-06
5.99124649999996e-06
6.67052969999996e-06
6.37265590000001e-06
6.40579329999994e-06
6.82941609999998e-06