  1 3.967e-06
  2 9.920e-07
  3 9.010e-07
  4 8.910e-07
  5 9.120e-07
  6 9.920e-07
  7 9.720e-07
  8 1.012e-06
  9 1.072e-06
 10 3.086e-06
 11 1.903e-06
 12 1.303e-06
 13 1.242e-06
 14 1.122e-06
 15 1.143e-06
 16 1.252e-06
 17 1.212e-06
 18 1.162e-06
 19 1.213e-06
 20 2.504e-06
 21 1.944e-06
 22 1.723e-06
 23 1.433e-06
 24 1.463e-06
 25 1.533e-06
 26 1.613e-06
 27 1.503e-06
 28 1.422e-06
 29 1.653e-06
 30 1.523e-06
 31 1.603e-06
 32 1.483e-06
 33 1.473e-06
 34 1.813e-06
 35 1.813e-06
 36 1.983e-06
 37 2.024e-06
 38 1.853e-06
 39 1.923e-06
 40 2.043e-06
 41 1.944e-06
 42 1.744e-06
 43 1.964e-06
 44 1.923e-06
 45 1.883e-06
 46 2.024e-06
 47 2.074e-06
 48 1.874e-06
 49 2.014e-06
 50 2.985e-06
 55 3.096e-06
 60 2.966e-06
 65 2.976e-06
 70 2.915e-06
 75 2.815e-06
 80 2.966e-06
 85 2.925e-06
 90 3.216e-06
 95 4.649e-06
100 6.352e-06
110 7.965e-06
120 6.742e-06
130 4.819e-06
140 6.221e-06
150 4.198e-06
160 4.969e-06
170 5.039e-06
180 5.220e-06
190 5.250e-06
200 8.556e-06
220 4.358e-06
240 3.577e-06
260 1.022e-05
280 4.258e-06
300 4.719e-06
320 4.739e-06
340 4.919e-06
360 4.819e-06
380 4.979e-06
400 8.015e-06
420 5.811e-06
440 4.910e-06
460 5.079e-06
480 4.779e-06
500 5.089e-06
520 5.289e-06
540 5.400e-06
560 5.971e-06
580 6.121e-06
600 6.022e-06
620 6.472e-06
640 6.653e-06
660 6.773e-06
680 7.033e-06
700 7.424e-06
720 7.995e-06
740 7.955e-06
760 7.864e-06
780 8.106e-06
800 1.110e-05