  1 6.210e-07
  2 5.910e-07
  3 6.310e-07
  4 6.610e-07
  5 6.110e-07
  6 6.520e-07
  7 6.210e-07
  8 6.110e-07
  9 6.610e-07
 10 1.413e-06
 11 1.402e-06
 12 1.382e-06
 13 1.262e-06
 14 1.222e-06
 15 1.283e-06
 16 1.442e-06
 17 1.323e-06
 18 1.333e-06
 19 1.342e-06
 20 1.423e-06
 21 1.032e-06
 22 9.510e-07
 23 9.120e-07
 24 8.820e-07
 25 9.320e-07
 26 9.320e-07
 27 8.820e-07
 28 8.810e-07
 29 9.220e-07
 30 1.122e-06
 31 1.032e-06
 32 9.320e-07
 33 9.120e-07
 34 1.313e-06
 35 1.493e-06
 36 1.343e-06
 37 1.162e-06
 38 1.292e-06
 39 1.093e-06
 40 1.332e-06
 41 1.292e-06
 42 1.162e-06
 43 1.242e-06
 44 1.102e-06
 45 1.172e-06
 46 1.222e-06
 47 1.152e-06
 48 1.173e-06
 49 1.192e-06
 50 2.194e-06
 55 1.392e-06
 60 1.502e-06
 65 1.603e-06
 70 1.312e-06
 75 1.252e-06
 80 1.343e-06
 85 1.523e-06
 90 1.372e-06
 95 2.234e-06
100 2.303e-05
110 2.805e-06
120 2.425e-06
130 1.863e-06
140 1.683e-06
150 1.643e-06
160 1.823e-06
170 1.873e-06
180 1.873e-06
190 1.784e-06
200 3.597e-06
220 2.234e-06
240 2.334e-06
260 1.873e-06
280 1.944e-06
300 1.943e-06
320 2.094e-06
340 2.334e-06
360 2.195e-06
380 2.374e-06
400 3.877e-06
420 2.945e-06
440 3.116e-06
460 2.465e-06
480 2.064e-06
500 2.164e-06
520 2.304e-06
540 2.214e-06
560 2.555e-06
580 2.715e-06
600 2.505e-06
620 2.675e-06
640 2.745e-06
660 2.795e-06
680 2.965e-06
700 2.956e-06
720 2.945e-06
740 3.256e-06
760 3.076e-06
780 3.066e-06
800 6.282e-06