  1 4.398e-06
  2 9.420e-07
  3 1.082e-06
  4 8.620e-07
  5 9.820e-07
  6 9.710e-07
  7 1.062e-06
  8 1.142e-06
  9 9.220e-07
 10 1.142e-06
 11 2.815e-06
 12 1.353e-06
 13 1.613e-06
 14 1.533e-06
 15 1.523e-06
 16 1.082e-06
 17 1.282e-06
 18 1.343e-06
 19 1.653e-06
 20 1.513e-06
 21 3.086e-06
 22 2.364e-06
 23 2.164e-06
 24 1.963e-06
 25 1.443e-06
 26 1.854e-06
 27 2.575e-06
 28 2.144e-06
 29 1.753e-06
 30 1.302e-06
 31 1.613e-06
 32 1.713e-06
 33 1.413e-06
 34 1.533e-06
 35 1.533e-06
 36 1.453e-06
 37 1.533e-06
 38 1.573e-06
 39 1.433e-06
 40 1.723e-06
 41 1.543e-06
 42 1.452e-06
 43 1.753e-06
 44 1.744e-06
 45 1.533e-06
 46 1.763e-06
 47 1.994e-06
 48 1.933e-06
 49 1.593e-06
 50 1.783e-06
 55 3.066e-06
 60 1.933e-06
 65 2.104e-06
 70 2.394e-06
 75 2.645e-06
 80 3.236e-06
 85 3.096e-06
 90 3.567e-06
 95 3.216e-06
100 2.936e-06
110 5.250e-06
120 4.388e-06
130 4.338e-06
140 4.138e-06
150 3.907e-06
160 3.055e-06
170 3.096e-06
180 3.467e-06
190 4.098e-06
200 4.068e-06
220 2.785e-06
240 2.335e-06
260 2.154e-06
280 2.204e-06
300 2.364e-06
320 2.665e-06
340 2.685e-06
360 2.705e-06
380 2.895e-06
400 3.025e-06
420 4.208e-06
440 2.795e-06
460 2.860e-06
480 2.945e-06
500 2.866e-06
520 2.975e-06
540 3.527e-06
560 3.366e-06
580 3.487e-06
600 3.677e-06
620 3.527e-06
640 5.410e-06
660 3.867e-06
680 3.907e-06
700 3.987e-06
720 4.248e-06
740 4.388e-06
760 4.449e-06
780 4.709e-06
800 4.588e-06