 1 2.014e-06
 2 1.192e-06
 3 1.142e-06
 4 1.282e-06
 5 1.373e-06
 6 1.694e-06
 7 2.214e-06
 8 2.715e-06
 9 3.787e-06
10 4.969e-06
11 9.157e-06
12 1.114e-05
13 1.680e-05
14 2.675e-05
15 4.308e-05
16 7.046e-05
17 1.161e-04
18 1.923e-04
19 3.194e-04
20 5.307e-04
21 9.204e-04
22 1.494e-03
23 2.047e-03
24 3.405e-03
25 5.691e-03
26 9.467e-03
27 1.543e-02
28 2.530e-02
29 2.904e-02
30 4.114e-02
31 6.833e-02
32 1.179e-01
33 1.974e-01
34 3.286e-01
35 5.417e-01
36 9.018e-01
37 1.492e+00
38 1.783e+00
39 2.841e+00
40 4.748e+00
41 1.176e+01
42 1.535e+01
43 2.667e+01
44 4.089e+01
45 7.872e+01
46 1.172e+02
47 2.024e+02
48 3.308e+02
49 5.447e+02
50 9.083e+02
51 1.514e+03
52 2.455e+03
53 3.960e+03