 1 1.694e-06
 2 9.920e-07
 3 1.132e-06
 4 1.273e-06
 5 1.412e-06
 6 1.713e-06
 7 2.154e-06
 8 2.705e-06
 9 3.697e-06
10 4.909e-06
11 8.967e-06
12 1.101e-05
13 1.669e-05
14 2.622e-05
15 4.273e-05
16 6.985e-05
17 1.148e-04
18 1.900e-04
19 3.139e-04
20 5.224e-04
21 8.858e-04
22 1.474e-03
23 2.007e-03
24 3.345e-03
25 5.518e-03
26 9.481e-03
27 1.517e-02
28 2.500e-02
29 2.948e-02
30 4.131e-02
31 6.891e-02
32 1.143e-01
33 1.902e-01
34 3.177e-01
35 5.335e-01
36 8.833e-01
37 1.429e+00
38 2.536e+00
39 3.104e+00
40 4.445e+00
41 7.627e+00
42 1.247e+01
43 2.212e+01
44 3.434e+01
45 5.872e+01
46 1.038e+02
47 1.715e+02
48 2.755e+02
49 4.894e+02
50 8.597e+02
51 1.464e+03
52 2.379e+03
53 3.924e+03