 1 1.823e-06
 2 1.252e-06
 3 1.162e-06
 4 1.283e-06
 5 1.403e-06
 6 1.693e-06
 7 2.164e-06
 8 2.765e-06
 9 3.617e-06
10 4.939e-06
11 8.817e-06
12 1.103e-05
13 1.688e-05
14 2.678e-05
15 4.297e-05
16 7.024e-05
17 1.155e-04
18 1.912e-04
19 3.313e-04
20 5.298e-04
21 9.177e-04
22 1.502e-03
23 2.506e-03
24 3.481e-03
25 5.705e-03
26 9.497e-03
27 1.582e-02
28 2.608e-02
29 3.149e-02
30 4.265e-02
31 7.024e-02
32 1.197e-01
33 1.999e-01
34 3.322e-01
35 5.532e-01
36 9.148e-01
37 1.436e+00
38 1.704e+00
39 2.833e+00
40 4.798e+00
41 7.939e+00
42 1.321e+01
43 2.206e+01
44 3.944e+01
45 6.275e+01
46 1.128e+02
47 1.760e+02
48 3.053e+02
49 5.416e+02
50 9.592e+02
51 1.620e+03
52 2.693e+03
53 4.276e+03